# t = 0.004
# 1:pos.x 2:pos.y 3:pos.z 4:n.x 5:n.y 6:n.z 7:area 8:cellWidthNormalToSurface 9:outsign 10:p 11:rho 12:T 13:velx 14:vely 15:velz 16:mu 17:a 18:Re 19:y+ 20:tau_wall_x 21:tau_wall_y 22:tau_wall_z 23:q_total 24:q_cond 25:q_diff
-9.9993938530073573e-02 7.7853082869346112e-04 0.0000000000000000e+00 9.9996969219108622e-01 -7.7855442497153250e-03 0.0000000000000000e+00 1.2122572433131392e-06 6.6693225685619491e-04 1 1.1756534324293818e+05 1.1887117653620572e-02 1.4501011590412487e+04 3.3845617620259943e-01 4.3471067337375160e+01 0.0000000000000000e+00 9.2875531132961364e-05 3.6056626012868351e+03 0.0000000000000000e+00 0.0000000000000000e+00 0.0000000000000000e+00 0.0000000000000000e+00 0.0000000000000000e+00 0.0000000000000000e+00 0.0000000000000000e+00 0.0000000000000000e+00
-9.9969694120024530e-02 2.3354037244321859e-03 0.0000000000000000e+00 9.9972724074242336e-01 -2.3354745075476840e-02 0.0000000000000000e+00 3.6364778075064786e-06 6.7065534358991534e-04 1 1.1746667593633123e+05 1.1878149549951910e-02 1.4499817557903152e+04 3.1162451017675772e+00 1.3339452462439687e+02 0.0000000000000000e+00 9.2875531132961364e-05 3.6055874340336236e+03 0.0000000000000000e+00 0.0000000000000000e+00 0.0000000000000000e+00 0.0000000000000000e+00 0.0000000000000000e+00 0.0000000000000000e+00 0.0000000000000000e+00 0.0000000000000000e+00
-9.9921211178196925e-02 3.8917103809932418e-03 0.0000000000000000e+00 9.9924239662958458e-01 -3.8918283337836097e-02 0.0000000000000000e+00 6.0598166756650933e-06 6.7803915580870791e-04 1 1.1739025468844814e+05 1.1877265442207238e-02 1.4497087027569953e+04 8.8561545936750932e+00 2.2738528994938036e+02 0.0000000000000000e+00 9.2875531132961364e-05 3.6046048943480582e+03 0.0000000000000000e+00 0.0000000000000000e+00 0.0000000000000000e+00 0.0000000000000000e+00 0.0000000000000000e+00 0.0000000000000000e+00 0.0000000000000000e+00 0.0000000000000000e+00
-9.9848501459706529e-02 5.4470734581368247e-03 0.0000000000000000e+00 9.9851527740729051e-01 -5.4472385520018513e-02 0.0000000000000000e+00 8.4816862879621087e-06 6.8896396991747707e-04 1 1.1719095771986798e+05 1.1871864736018541e-02 1.4493352428774289e+04 1.7779866597123448e+01 3.2591685232817588e+02 0.0000000000000000e+00 9.2875531132961364e-05 3.6022941371177440e+03 0.0000000000000000e+00 0.0000000000000000e+00 0.0000000000000000e+00 0.0000000000000000e+00 0.0000000000000000e+00 0.0000000000000000e+00 0.0000000000000000e+00 0.0000000000000000e+00
-9.9751582593664234e-02 7.0011158444022639e-03 0.0000000000000000e+00 9.9754605937199348e-01 -7.0013280393132482e-02 0.0000000000000000e+00 1.0901499440804746e-05 7.0326179351702146e-04 1 1.1689112971151728e+05 1.1841719665678714e-02 1.4489104773671706e+04 3.0278616126090633e+01 4.3140835610356169e+02 0.0000000000000000e+00 9.2875531132961364e-05 3.6026240899360268e+03 0.0000000000000000e+00 0.0000000000000000e+00 0.0000000000000000e+00 0.0000000000000000e+00 0.0000000000000000e+00 0.0000000000000000e+00 0.0000000000000000e+00 0.0000000000000000e+00
-9.9630478078901685e-02 8.5534607485420102e-03 0.0000000000000000e+00 9.9633497751912925e-01 -8.5537199930533880e-02 0.0000000000000000e+00 1.3318669429206875e-05 7.2072802660539401e-04 1 1.1650830712902101e+05 1.1804514453166477e-02 1.4485418497773524e+04 4.6064696562985269e+01 5.3656033225053204e+02 0.0000000000000000e+00 9.2875531132961364e-05 3.6026441111885529e+03 0.0000000000000000e+00 0.0000000000000000e+00 0.0000000000000000e+00 0.0000000000000000e+00 0.0000000000000000e+00 0.0000000000000000e+00 0.0000000000000000e+00 0.0000000000000000e+00
-9.9485217278273849e-02 1.0103731790877986e-02 0.0000000000000000e+00 9.9488232548614919e-01 -1.0104038022133452e-01 0.0000000000000000e+00 1.5732610189040749e-05 7.4113397311483442e-04 1 1.1600450878882782e+05 1.1753987440257971e-02 1.4478360455025704e+04 6.5092638863692429e+01 6.4092708066696855e+02 0.0000000000000000e+00 9.2875531132961364e-05 3.6031532504178585e+03 0.0000000000000000e+00 0.0000000000000000e+00 0.0000000000000000e+00 0.0000000000000000e+00 0.0000000000000000e+00 0.0000000000000000e+00 0.0000000000000000e+00 0.0000000000000000e+00
-9.9315835411539710e-02 1.1651553094558151e-02 0.0000000000000000e+00 9.9318845548132195e-01 -1.1651906238305355e-01 0.0000000000000000e+00 1.8142736439133579e-05 7.6423869957156863e-04 1 1.1542084368294690e+05 1.1695779678589266e-02 1.4471026845120849e+04 8.7280455284757096e+01 7.4396359535572469e+02 0.0000000000000000e+00 9.2875531132961364e-05 3.6035957961072413e+03 0.0000000000000000e+00 0.0000000000000000e+00 0.0000000000000000e+00 0.0000000000000000e+00 0.0000000000000000e+00 0.0000000000000000e+00 0.0000000000000000e+00 0.0000000000000000e+00
-9.9122373546822962e-02 1.3196549376691159e-02 0.0000000000000000e+00 9.9125377819832672e-01 -1.3196949347308512e-01 0.0000000000000000e+00 2.0548463823174056e-05 7.8979919991355033e-04 1 1.1475483997473033e+05 1.1634318561677398e-02 1.4461427091659200e+04 1.1250446332173834e+02 8.4504737721519382e+02 0.0000000000000000e+00 9.2875531132961364e-05 3.6033221297014607e+03 0.0000000000000000e+00 0.0000000000000000e+00 0.0000000000000000e+00 0.0000000000000000e+00 0.0000000000000000e+00 0.0000000000000000e+00 0.0000000000000000e+00 0.0000000000000000e+00
-9.8904878590654555e-02 1.4738346039336984e-02 0.0000000000000000e+00 9.8907876271668560e-01 -1.4738792739851667e-01 0.0000000000000000e+00 2.2949209051394654e-05 8.1757834817828114e-04 1 1.1400559379776765e+05 1.1567958359086932e-02 1.4449883693519814e+04 1.4070915982893104e+02 9.4425943944649089e+02 0.0000000000000000e+00 9.2875531132961364e-05 3.6025644547390980e+03 0.0000000000000000e+00 0.0000000000000000e+00 0.0000000000000000e+00 0.0000000000000000e+00 0.0000000000000000e+00 0.0000000000000000e+00 0.0000000000000000e+00 0.0000000000000000e+00
-9.8663403276599934e-02 1.6276569260331497e-02 0.0000000000000000e+00 9.8666393638804617e-01 -1.6277062582433485e-01 0.0000000000000000e+00 2.5344390041995274e-05 8.4735056319718265e-04 1 1.1317915179750272e+05 1.1495807070526106e-02 1.4436779332439799e+04 1.7189765206177191e+02 1.0419890762241816e+03 0.0000000000000000e+00 9.2875531132961364e-05 3.6015412925141168e+03 0.0000000000000000e+00 0.0000000000000000e+00 0.0000000000000000e+00 0.0000000000000000e+00 0.0000000000000000e+00 0.0000000000000000e+00 0.0000000000000000e+00 0.0000000000000000e+00
-9.8398006152473266e-02 1.7810846083922926e-02 0.0000000000000000e+00 9.8400988470828743e-01 -1.7811385908003560e-01 0.0000000000000000e+00 2.7733426062274044e-05 8.7890540689591640e-04 1 1.1227100954925217e+05 1.1417900314045097e-02 1.4422051700590322e+04 2.0599167258205591e+02 1.1380239754237973e+03 0.0000000000000000e+00 9.2875531132961364e-05 3.6001585940789764e+03 0.0000000000000000e+00 0.0000000000000000e+00 0.0000000000000000e+00 0.0000000000000000e+00 0.0000000000000000e+00 0.0000000000000000e+00 0.0000000000000000e+00 0.0000000000000000e+00
-9.8108751566142002e-02 1.9340804511198274e-02 0.0000000000000000e+00 9.8111725117558934e-01 -1.9341390706372602e-01 0.0000000000000000e+00 3.0115737869431648e-05 9.1204948923616358e-04 1 1.1130223489908250e+05 1.1336038175081393e-02 1.4405908270940801e+04 2.4282204041893363e+02 1.2317464469717670e+03 0.0000000000000000e+00 9.2875531132961364e-05 3.5984476103978295e+03 0.0000000000000000e+00 0.0000000000000000e+00 0.0000000000000000e+00 0.0000000000000000e+00 0.0000000000000000e+00 0.0000000000000000e+00 0.0000000000000000e+00 0.0000000000000000e+00
-9.7795709649925205e-02 2.0866073590277708e-02 0.0000000000000000e+00 9.7798673713440332e-01 -2.0866706014415304e-01 0.0000000000000000e+00 3.2490747851012422e-05 9.4660709191013871e-04 1 1.1026648614715949e+05 1.1248810592125664e-02 1.4388515712075678e+04 2.8221293226704421e+02 1.3226836311122133e+03 0.0000000000000000e+00 9.2875531132961364e-05 3.5965192401208874e+03 0.0000000000000000e+00 0.0000000000000000e+00 0.0000000000000000e+00 0.0000000000000000e+00 0.0000000000000000e+00 0.0000000000000000e+00 0.0000000000000000e+00 0.0000000000000000e+00
-3.9196347112286360e-02 2.0000000000000000e-02 0.0000000000000000e+00 0.0000000000000000e+00 -1.0000000000000000e+00 0.0000000000000000e+00 2.6573794652397508e-05 1.5911220098560549e-03 1 5.4800559376159244e+03 7.1214545503947211e-04 1.1544245100402099e+04 4.7183770319694368e+03 0.0000000000000000e+00 0.0000000000000000e+00 9.2875531132961364e-05 3.2980097487343937e+03 0.0000000000000000e+00 0.0000000000000000e+00 0.0000000000000000e+00 0.0000000000000000e+00 0.0000000000000000e+00 0.0000000000000000e+00 0.0000000000000000e+00 0.0000000000000000e+00
-3.7867657379666478e-02 2.0000000000000000e-02 0.0000000000000000e+00 0.0000000000000000e+00 -1.0000000000000000e+00 0.0000000000000000e+00 2.6573794652397647e-05 1.6023626005676026e-03 1 5.5352043267083945e+03 7.1809723526287093e-04 1.1563921879127143e+04 4.7146537316854246e+03 -7.1054273576010019e-15 0.0000000000000000e+00 9.2875531132961364e-05 3.3004204786320206e+03 0.0000000000000000e+00 0.0000000000000000e+00 0.0000000000000000e+00 0.0000000000000000e+00 0.0000000000000000e+00 0.0000000000000000e+00 0.0000000000000000e+00 0.0000000000000000e+00
-3.6538967647046602e-02 2.0000000000000000e-02 0.0000000000000000e+00 0.0000000000000000e+00 -1.0000000000000000e+00 0.0000000000000000e+00 2.6573794652397369e-05 1.6108377403332304e-03 1 5.6115664577406233e+03 7.2696271507946986e-04 1.1578627062247308e+04 4.7021249380063618e+03 -5.3290705182007514e-15 0.0000000000000000e+00 9.2875531132961364e-05 3.3025354817364910e+03 0.0000000000000000e+00 0.0000000000000000e+00 0.0000000000000000e+00 0.0000000000000000e+00 0.0000000000000000e+00 0.0000000000000000e+00 0.0000000000000000e+00 0.0000000000000000e+00
-3.5210277914426727e-02 2.0000000000000000e-02 0.0000000000000000e+00 0.0000000000000000e+00 -1.0000000000000000e+00 0.0000000000000000e+00 2.6573794652397647e-05 1.6165151564446561e-03 1 5.6634307224016666e+03 7.3394684948263579e-04 1.1575738854514571e+04 4.7063880795865680e+03 -1.4210854715202004e-14 0.0000000000000000e+00 9.2875531132961364e-05 3.3019857393212360e+03 0.0000000000000000e+00 0.0000000000000000e+00 0.0000000000000000e+00 0.0000000000000000e+00 0.0000000000000000e+00 0.0000000000000000e+00 0.0000000000000000e+00 0.0000000000000000e+00
-3.3881588181806852e-02 2.0000000000000000e-02 0.0000000000000000e+00 0.0000000000000000e+00 -1.0000000000000000e+00 0.0000000000000000e+00 2.6573794652397508e-05 1.6193682449020792e-03 1 5.6477487376446525e+03 7.3292373206810277e-04 1.1563750963310164e+04 4.7216526883069764e+03 1.2434497875801753e-14 0.0000000000000000e+00 9.2875531132961364e-05 3.2999012487309906e+03 0.0000000000000000e+00 0.0000000000000000e+00 0.0000000000000000e+00 0.0000000000000000e+00 0.0000000000000000e+00 0.0000000000000000e+00 0.0000000000000000e+00 0.0000000000000000e+00
-3.2552898449186976e-02 2.0000000000000000e-02 0.0000000000000000e+00 0.0000000000000000e+00 -1.0000000000000000e+00 0.0000000000000000e+00 2.6573794652397508e-05 1.6193758295276449e-03 1 5.6073334065015533e+03 7.2913179342787705e-04 1.1547160778492495e+04 4.7472218247028286e+03 -1.0991207943789050e-14 0.0000000000000000e+00 9.2875531132961364e-05 3.2968468795775070e+03 0.0000000000000000e+00 0.0000000000000000e+00 0.0000000000000000e+00 0.0000000000000000e+00 0.0000000000000000e+00 0.0000000000000000e+00 0.0000000000000000e+00 0.0000000000000000e+00
-3.1224208716567101e-02 2.0000000000000000e-02 0.0000000000000000e+00 0.0000000000000000e+00 -1.0000000000000000e+00 0.0000000000000000e+00 2.6573794652397508e-05 1.6165219884584775e-03 1 5.5745653645542770e+03 7.2621987448452316e-04 1.1535194194748845e+04 4.7717876626942998e+03 3.5527136788005009e-15 0.0000000000000000e+00 9.2875531132961364e-05 3.2938748874751636e+03 0.0000000000000000e+00 0.0000000000000000e+00 0.0000000000000000e+00 0.0000000000000000e+00 0.0000000000000000e+00 0.0000000000000000e+00 0.0000000000000000e+00 0.0000000000000000e+00
-2.9895518983947225e-02 2.0000000000000000e-02 0.0000000000000000e+00 0.0000000000000000e+00 -1.0000000000000000e+00 0.0000000000000000e+00 2.6573794652397580e-05 1.6107959422475614e-03 1 5.5949942162008883e+03 7.2849420350543060e-04 1.1544298838031098e+04 4.7754969361676358e+03 -1.7763568394002505e-15 0.0000000000000000e+00 9.2875531132961364e-05 3.2945155645637728e+03 0.0000000000000000e+00 0.0000000000000000e+00 0.0000000000000000e+00 0.0000000000000000e+00 0.0000000000000000e+00 0.0000000000000000e+00 0.0000000000000000e+00 0.0000000000000000e+00
-2.8566829251327346e-02 2.0000000000000000e-02 0.0000000000000000e+00 0.0000000000000000e+00 -1.0000000000000000e+00 0.0000000000000000e+00 2.6573794652397508e-05 1.6021920004535841e-03 1 5.6434787112621916e+03 7.3425095088839481e-04 1.1553150560245018e+04 4.7734792203404086e+03 0.0000000000000000e+00 0.0000000000000000e+00 9.2875531132961364e-05 3.2955850332941200e+03 0.0000000000000000e+00 0.0000000000000000e+00 0.0000000000000000e+00 0.0000000000000000e+00 0.0000000000000000e+00 0.0000000000000000e+00 0.0000000000000000e+00 0.0000000000000000e+00
-2.7238139518707471e-02 2.0000000000000000e-02 0.0000000000000000e+00 0.0000000000000000e+00 -1.0000000000000000e+00 0.0000000000000000e+00 2.6573794652397508e-05 1.5907095661540705e-03 1 5.6767643721128234e+03 7.3879636651645337e-04 1.1551217347493164e+04 4.7780773548766065e+03 -3.5527136788005009e-15 0.0000000000000000e+00 9.2875531132961364e-05 3.2951206432784288e+03 0.0000000000000000e+00 0.0000000000000000e+00 0.0000000000000000e+00 0.0000000000000000e+00 0.0000000000000000e+00 0.0000000000000000e+00 0.0000000000000000e+00 0.0000000000000000e+00
-2.5909449786087592e-02 2.0000000000000000e-02 0.0000000000000000e+00 0.0000000000000000e+00 -1.0000000000000000e+00 0.0000000000000000e+00 2.6573794652397580e-05 1.5758764733150819e-03 1 5.6639280721289297e+03 7.3792100279816654e-04 1.1542082585412867e+04 4.7904055419012348e+03 0.0000000000000000e+00 0.0000000000000000e+00 9.2875531132961364e-05 3.2934713992244024e+03 0.0000000000000000e+00 0.0000000000000000e+00 0.0000000000000000e+00 0.0000000000000000e+00 0.0000000000000000e+00 0.0000000000000000e+00 0.0000000000000000e+00 0.0000000000000000e+00
-2.4580760053467716e-02 2.0000000000000004e-02 0.0000000000000000e+00 2.6111791690545014e-15 -1.0000000000000000e+00 0.0000000000000000e+00 2.6573794652397515e-05 1.5595248293381716e-03 1 5.6295219584671777e+03 7.3474129331346208e-04 1.1527381063102128e+04 4.8119163573800670e+03 1.2564727036590284e-11 0.0000000000000000e+00 9.2875531132961364e-05 3.2907442620128345e+03 0.0000000000000000e+00 0.0000000000000000e+00 0.0000000000000000e+00 0.0000000000000000e+00 0.0000000000000000e+00 0.0000000000000000e+00 0.0000000000000000e+00 0.0000000000000000e+00
-4.5839795775385744e-02 2.0000000000000000e-02 0.0000000000000000e+00 0.0000000000000000e+00 -1.0000000000000000e+00 0.0000000000000000e+00 2.6573794652397508e-05 1.4950116059949197e-03 1 5.4640352423295017e+03 7.0760376324421610e-04 1.1569225680269441e+04 4.6638983316334998e+03 2.2204460492503131e-16 0.0000000000000000e+00 9.2875531132961364e-05 3.3033290570720205e+03 0.0000000000000000e+00 0.0000000000000000e+00 0.0000000000000000e+00 0.0000000000000000e+00 0.0000000000000000e+00 0.0000000000000000e+00 0.0000000000000000e+00 0.0000000000000000e+00
-4.4511106042765869e-02 1.9999999999999997e-02 0.0000000000000000e+00 -2.6111791690544880e-15 -1.0000000000000000e+00 0.0000000000000000e+00 2.6573794652397644e-05 1.5193693460927400e-03 1 5.4255234258359960e+03 7.0343521139912919e-04 1.1560577987787372e+04 4.6877729657452619e+03 -1.2235545909788925e-11 0.0000000000000000e+00 9.2875531132961364e-05 3.3015320289936444e+03 0.0000000000000000e+00 0.0000000000000000e+00 0.0000000000000000e+00 0.0000000000000000e+00 0.0000000000000000e+00 0.0000000000000000e+00 0.0000000000000000e+00 0.0000000000000000e+00
-4.3182416310145993e-02 1.9999999999999997e-02 0.0000000000000000e+00 2.6111791690545152e-15 -1.0000000000000000e+00 0.0000000000000000e+00 2.6573794652397366e-05 1.5412225785743883e-03 1 5.5219809009988458e+03 7.1368498242079415e-04 1.1591147325414706e+04 4.6629190815955581e+03 1.2156275985830689e-11 0.0000000000000000e+00 9.2875531132961364e-05 3.3062503613387112e+03 0.0000000000000000e+00 0.0000000000000000e+00 0.0000000000000000e+00 0.0000000000000000e+00 0.0000000000000000e+00 0.0000000000000000e+00 0.0000000000000000e+00 0.0000000000000000e+00
-4.1853726577526118e-02 2.0000000000000004e-02 0.0000000000000000e+00 2.6111791690545014e-15 -1.0000000000000000e+00 0.0000000000000000e+00 2.6573794652397515e-05 1.5605038998009661e-03 1 5.5699998714083904e+03 7.2049659171092347e-04 1.1582215967132886e+04 4.6667271159704569e+03 1.2175010999371239e-11 0.0000000000000000e+00 9.2875531132961364e-05 3.3050645113411779e+03 0.0000000000000000e+00 0.0000000000000000e+00 0.0000000000000000e+00 0.0000000000000000e+00 0.0000000000000000e+00 0.0000000000000000e+00 0.0000000000000000e+00 0.0000000000000000e+00
-4.0525036844906243e-02 2.0000000000000004e-02 0.0000000000000000e+00 -2.6111791690544880e-15 -1.0000000000000000e+00 0.0000000000000000e+00 2.6573794652397654e-05 1.5771542265690182e-03 1 5.5054232102399037e+03 7.1401827782191323e-04 1.1556749964596984e+04 4.6967556073763344e+03 -1.2278136840571108e-11 0.0000000000000000e+00 9.2875531132961364e-05 3.3011810777873557e+03 0.0000000000000000e+00 0.0000000000000000e+00 0.0000000000000000e+00 0.0000000000000000e+00 0.0000000000000000e+00 0.0000000000000000e+00 0.0000000000000000e+00 0.0000000000000000e+00
-6.1501979017126604e-02 2.5322333232922489e-02 0.0000000000000000e+00 5.3729960834682899e-01 8.4339144581288228e-01 0.0000000000000000e+00 3.3444753133891528e-05 1.3927302392616795e-03 -1 1.1049311454922438e+03 1.8816498837051379e-04 9.4638569868415907e+03 5.8875758786377546e+03 -3.7507995005277107e+03 0.0000000000000000e+00 9.2875531132961364e-05 2.8929426754684578e+03 0.0000000000000000e+00 0.0000000000000000e+00 0.0000000000000000e+00 0.0000000000000000e+00 0.0000000000000000e+00 0.0000000000000000e+00 0.0000000000000000e+00 0.0000000000000000e+00
-6.0388060388815730e-02 2.4612688801866154e-02 0.0000000000000000e+00 5.3729960834682056e-01 8.4339144581288783e-01 0.0000000000000000e+00 3.2507482362229070e-05 1.3751674641243078e-03 -1 1.1242975092420002e+03 1.9029882088416954e-04 9.5239220521289626e+03 5.8756348006374374e+03 -3.7431921948516438e+03 0.0000000000000000e+00 9.2875531132961364e-05 2.9010478936342179e+03 0.0000000000000000e+00 0.0000000000000000e+00 0.0000000000000000e+00 0.0000000000000000e+00 0.0000000000000000e+00 0.0000000000000000e+00 0.0000000000000000e+00 0.0000000000000000e+00
-5.9274141760504856e-02 2.3903044370809822e-02 0.0000000000000000e+00 5.3729960834682533e-01 8.4339144581288483e-01 0.0000000000000000e+00 3.1570211590566138e-05 1.3602503897036766e-03 -1 1.1456813990964617e+03 1.9270797724285218e-04 9.5857030722977888e+03 5.8621231283824309e+03 -3.7345843102842473e+03 0.0000000000000000e+00 9.2875531132961364e-05 2.9094171640288737e+03 0.0000000000000000e+00 0.0000000000000000e+00 0.0000000000000000e+00 0.0000000000000000e+00 0.0000000000000000e+00 0.0000000000000000e+00 0.0000000000000000e+00 0.0000000000000000e+00
-5.8160223132193989e-02 2.3193399939753494e-02 0.0000000000000000e+00 5.3729960834681922e-01 8.4339144581288861e-01 0.0000000000000000e+00 3.0632940818903551e-05 1.3480668471046479e-03 -1 1.1691543667869089e+03 1.9532932303907452e-04 9.6520785627978457e+03 5.8475041877763742e+03 -3.7252710179795586e+03 0.0000000000000000e+00 9.2875531132961364e-05 2.9185384512304845e+03 0.0000000000000000e+00 0.0000000000000000e+00 0.0000000000000000e+00 0.0000000000000000e+00 0.0000000000000000e+00 0.0000000000000000e+00 0.0000000000000000e+00 0.0000000000000000e+00
-5.7046304503883108e-02 2.2483755508697162e-02 0.0000000000000000e+00 5.3729960834682478e-01 8.4339144581288505e-01 0.0000000000000000e+00 2.9695670047241032e-05 1.3386914727102166e-03 -1 1.1976761691139891e+03 1.9860684066081796e-04 9.7254160616048139e+03 5.8293554603067605e+03 -3.7137090034372222e+03 0.0000000000000000e+00 9.2875531132961364e-05 2.9286553784003445e+03 0.0000000000000000e+00 0.0000000000000000e+00 0.0000000000000000e+00 0.0000000000000000e+00 0.0000000000000000e+00 0.0000000000000000e+00 0.0000000000000000e+00 0.0000000000000000e+00
-5.5932385875572241e-02 2.1774111077640830e-02 0.0000000000000000e+00 5.3729960834682533e-01 8.4339144581288483e-01 0.0000000000000000e+00 2.8758399275578215e-05 1.3321835561296185e-03 -1 1.2223672014164931e+03 2.0142867734167908e-04 9.7869145003866815e+03 5.8139504163392512e+03 -3.7038949080590955e+03 0.0000000000000000e+00 9.2875531132961364e-05 2.9372539817495053e+03 0.0000000000000000e+00 0.0000000000000000e+00 0.0000000000000000e+00 0.0000000000000000e+00 0.0000000000000000e+00 0.0000000000000000e+00 0.0000000000000000e+00 0.0000000000000000e+00
-5.4818467247261374e-02 2.1064466646584498e-02 0.0000000000000000e+00 5.3729960834682533e-01 8.4339144581288483e-01 0.0000000000000000e+00 2.7821128503915571e-05 1.3285852357331168e-03 -1 1.3711285826857784e+03 2.1371794666553100e-04 1.0332314293272422e+04 5.6501654251294458e+03 -3.5995523609927104e+03 0.0000000000000000e+00 9.2875531132961364e-05 3.0150104282134348e+03 0.0000000000000000e+00 0.0000000000000000e+00 0.0000000000000000e+00 0.0000000000000000e+00 0.0000000000000000e+00 0.0000000000000000e+00 0.0000000000000000e+00 0.0000000000000000e+00
-5.3704548618950507e-02 2.0354822215528166e-02 0.0000000000000000e+00 5.3729960834682289e-01 8.4339144581288628e-01 0.0000000000000000e+00 2.6883857732253048e-05 1.3279201644920767e-03 -1 4.2947083188294100e+03 5.2428171325050925e-04 1.2367947960645934e+04 3.6595154351135984e+03 -2.3313684526768611e+03 0.0000000000000000e+00 9.2875531132961364e-05 3.3790048690882063e+03 0.0000000000000000e+00 0.0000000000000000e+00 0.0000000000000000e+00 0.0000000000000000e+00 0.0000000000000000e+00 0.0000000000000000e+00 0.0000000000000000e+00 0.0000000000000000e+00
-5.2483244438485122e-02 2.0000000000000000e-02 0.0000000000000000e+00 0.0000000000000000e+00 -1.0000000000000000e+00 0.0000000000000000e+00 2.6573794652397647e-05 1.3387409595063790e-03 1 4.2947083188294100e+03 5.2428171325050925e-04 1.2367947960645934e+04 4.2568204691695719e+03 3.4106051316484809e-13 0.0000000000000000e+00 9.2875531132961364e-05 3.3790048690882063e+03 0.0000000000000000e+00 0.0000000000000000e+00 0.0000000000000000e+00 0.0000000000000000e+00 0.0000000000000000e+00 0.0000000000000000e+00 0.0000000000000000e+00 0.0000000000000000e+00
-5.1154554705865246e-02 2.0000000000000004e-02 0.0000000000000000e+00 2.6111791690545014e-15 -1.0000000000000000e+00 0.0000000000000000e+00 2.6573794652397515e-05 1.3742362567653536e-03 1 5.1272439810420892e+03 6.3597922559243260e-04 1.2138688113333845e+04 4.4410430951944963e+03 1.1425527191022411e-11 0.0000000000000000e+00 9.2875531132961364e-05 3.3599956344842039e+03 0.0000000000000000e+00 0.0000000000000000e+00 0.0000000000000000e+00 0.0000000000000000e+00 0.0000000000000000e+00 0.0000000000000000e+00 0.0000000000000000e+00 0.0000000000000000e+00
-4.9825864973245371e-02 2.0000000000000004e-02 0.0000000000000000e+00 -2.6111791690545152e-15 -1.0000000000000000e+00 0.0000000000000000e+00 2.6573794652397376e-05 1.4077322822865180e-03 1 5.3446024244464825e+03 6.7260965001873416e-04 1.1913196046160645e+04 4.5326364027528489e+03 -1.1779022202063061e-11 0.0000000000000000e+00 9.2875531132961364e-05 3.3427413916011396e+03 0.0000000000000000e+00 0.0000000000000000e+00 0.0000000000000000e+00 0.0000000000000000e+00 0.0000000000000000e+00 0.0000000000000000e+00 0.0000000000000000e+00 0.0000000000000000e+00
-4.8497175240625502e-02 2.0000000000000000e-02 0.0000000000000000e+00 0.0000000000000000e+00 -1.0000000000000000e+00 0.0000000000000000e+00 2.6573794652397508e-05 1.4390998870850928e-03 1 5.5060961666746107e+03 7.0222310126781973e-04 1.1730227595808103e+04 4.5392744959692136e+03 1.4210854715202004e-14 0.0000000000000000e+00 9.2875531132961364e-05 3.3254423110036714e+03 0.0000000000000000e+00 0.0000000000000000e+00 0.0000000000000000e+00 0.0000000000000000e+00 0.0000000000000000e+00 0.0000000000000000e+00 0.0000000000000000e+00 0.0000000000000000e+00
-4.7168485508005620e-02 2.0000000000000000e-02 0.0000000000000000e+00 0.0000000000000000e+00 -1.0000000000000000e+00 0.0000000000000000e+00 2.6573794652397647e-05 1.4682260551481495e-03 1 5.6148252161074533e+03 7.2070958884788824e-04 1.1657585533498612e+04 4.5752634453881074e+03 0.0000000000000000e+00 0.0000000000000000e+00 9.2875531132961364e-05 3.3163642108246695e+03 0.0000000000000000e+00 0.0000000000000000e+00 0.0000000000000000e+00 0.0000000000000000e+00 0.0000000000000000e+00 0.0000000000000000e+00 0.0000000000000000e+00 0.0000000000000000e+00
-7.0413328043613582e-02 3.0999488681373148e-02 0.0000000000000000e+00 5.3729960834682056e-01 8.4339144581288783e-01 0.0000000000000000e+00 4.0942919307192947e-05 1.6154455846122571e-03 -1 9.5215154280023626e+02 1.7147703349917429e-04 8.9195222555198343e+03 5.9791841786240984e+03 -3.8091604240920583e+03 0.0000000000000000e+00 9.2875531132961364e-05 2.8209852803618223e+03 0.0000000000000000e+00 0.0000000000000000e+00 0.0000000000000000e+00 0.0000000000000000e+00 0.0000000000000000e+00 0.0000000000000000e+00 0.0000000000000000e+00 0.0000000000000000e+00
-6.9299409415302701e-02 3.0289844250316812e-02 0.0000000000000000e+00 5.3729960834682899e-01 8.4339144581288228e-01 0.0000000000000000e+00 4.0005648535530049e-05 1.5806935837503217e-03 -1 9.7219201118710328e+02 1.7359391296458340e-04 9.0011570842146139e+03 5.9667340946561753e+03 -3.8012288458516214e+03 0.0000000000000000e+00 9.2875531132961364e-05 2.8317310945762711e+03 0.0000000000000000e+00 0.0000000000000000e+00 0.0000000000000000e+00 0.0000000000000000e+00 0.0000000000000000e+00 0.0000000000000000e+00 0.0000000000000000e+00 0.0000000000000000e+00
-6.8185490786991834e-02 2.9580199819260480e-02 0.0000000000000000e+00 5.3729960834682156e-01 8.4339144581288716e-01 0.0000000000000000e+00 3.9068377763867184e-05 1.5476845634193124e-03 -1 9.9305793849862755e+02 1.7585577065232946e-04 9.0807125563181471e+03 5.9540256342147532e+03 -3.7931326636436688e+03 0.0000000000000000e+00 9.2875531132961364e-05 2.8422335124641277e+03 0.0000000000000000e+00 0.0000000000000000e+00 0.0000000000000000e+00 0.0000000000000000e+00 0.0000000000000000e+00 0.0000000000000000e+00 0.0000000000000000e+00 0.0000000000000000e+00
-6.7071572158680967e-02 2.8870555388204152e-02 0.0000000000000000e+00 5.3729960834682533e-01 8.4339144581288483e-01 0.0000000000000000e+00 3.8131106992204651e-05 1.5165323416446378e-03 -1 1.0136209229718964e+03 1.7811234682960512e-04 9.1555948963692135e+03 5.9417271167744657e+03 -3.7852976439304775e+03 0.0000000000000000e+00 9.2875531132961364e-05 2.8521250333461549e+03 0.0000000000000000e+00 0.0000000000000000e+00 0.0000000000000000e+00 0.0000000000000000e+00 0.0000000000000000e+00 0.0000000000000000e+00 0.0000000000000000e+00 0.0000000000000000e+00
-6.5957653530370086e-02 2.8160910957147820e-02 0.0000000000000000e+00 5.3729960834682056e-01 8.4339144581288783e-01 0.0000000000000000e+00 3.7193836220542336e-05 1.4873535934446255e-03 -1 1.0331268810570893e+03 1.8026244628003259e-04 9.2244343807054556e+03 5.9303533761927592e+03 -3.7780517720516855e+03 0.0000000000000000e+00 9.2875531132961364e-05 2.8612078871660178e+03 0.0000000000000000e+00 0.0000000000000000e+00 0.0000000000000000e+00 0.0000000000000000e+00 0.0000000000000000e+00 0.0000000000000000e+00 0.0000000000000000e+00 0.0000000000000000e+00
-6.4843734902059219e-02 2.7451266526091488e-02 0.0000000000000000e+00 5.3729960834682056e-01 8.4339144581288783e-01 0.0000000000000000e+00 3.6256565448879688e-05 1.4602666242443121e-03 -1 1.0515776381594278e+03 1.8229330980010035e-04 9.2881827251577033e+03 5.9196038361463343e+03 -3.7712035597707491e+03 0.0000000000000000e+00 9.2875531132961364e-05 2.8696218021134291e+03 0.0000000000000000e+00 0.0000000000000000e+00 0.0000000000000000e+00 0.0000000000000000e+00 0.0000000000000000e+00 0.0000000000000000e+00 0.0000000000000000e+00 0.0000000000000000e+00
-6.3729816273748352e-02 2.6741622095035156e-02 0.0000000000000000e+00 5.3729960834683010e-01 8.4339144581288172e-01 0.0000000000000000e+00 3.5319294677216410e-05 1.4353898596206724e-03 -1 1.0693128998464595e+03 1.8424505044466083e-04 9.3480933593368954e+03 5.9091373733599812e+03 -3.7645356875938096e+03 0.0000000000000000e+00 9.2875531132961364e-05 2.8775358715636303e+03 0.0000000000000000e+00 0.0000000000000000e+00 0.0000000000000000e+00 0.0000000000000000e+00 0.0000000000000000e+00 0.0000000000000000e+00 0.0000000000000000e+00 0.0000000000000000e+00
-6.2615897645437485e-02 2.6031977663978825e-02 0.0000000000000000e+00 5.3729960834682056e-01 8.4339144581288783e-01 0.0000000000000000e+00 3.4382023905554386e-05 1.4128400537897080e-03 -1 1.0869102092415353e+03 1.8617368458715924e-04 9.4064256930625579e+03 5.8986160440397989e+03 -3.7578328615796659e+03 0.0000000000000000e+00 9.2875531132961364e-05 2.8852851767638540e+03 0.0000000000000000e+00 0.0000000000000000e+00 0.0000000000000000e+00 0.0000000000000000e+00 0.0000000000000000e+00 0.0000000000000000e+00 0.0000000000000000e+00 0.0000000000000000e+00
-7.8210758441789652e-02 3.5966999698767467e-02 0.0000000000000000e+00 5.3729960834682156e-01 8.4339144581288716e-01 0.0000000000000000e+00 4.7503814708830946e-05 1.8988894086702727e-03 -1 1.0193645725679586e+03 1.8585168280966575e-04 8.7655787298496398e+03 5.9415404001092720e+03 -3.7851786922958481e+03 0.0000000000000000e+00 9.2875531132961364e-05 2.8070238051138826e+03 0.0000000000000000e+00 0.0000000000000000e+00 0.0000000000000000e+00 0.0000000000000000e+00 0.0000000000000000e+00 0.0000000000000000e+00 0.0000000000000000e+00 0.0000000000000000e+00
-7.7096839813478785e-02 3.5257355267711135e-02 0.0000000000000000e+00 5.3729960834683010e-01 8.4339144581288172e-01 0.0000000000000000e+00 4.6566543937168020e-05 1.8547388016460068e-03 -1 9.5847502210724326e+02 1.7651567361633882e-04 8.6855584084646580e+03 5.9701854572097564e+03 -3.8034276062937834e+03 0.0000000000000000e+00 9.2875531132961364e-05 2.7942311812211451e+03 0.0000000000000000e+00 0.0000000000000000e+00 0.0000000000000000e+00 0.0000000000000000e+00 0.0000000000000000e+00 0.0000000000000000e+00 0.0000000000000000e+00 0.0000000000000000e+00
-7.5982921185167931e-02 3.4547710836654810e-02 0.0000000000000000e+00 5.3729960834682533e-01 8.4339144581288483e-01 0.0000000000000000e+00 4.5629273165505799e-05 1.8116673512466677e-03 -1 9.3049560152164020e+02 1.7195969467797957e-04 8.6625864603502851e+03 5.9986329063492303e+03 -3.8215506301363293e+03 0.0000000000000000e+00 9.2875531132961364e-05 2.7896707188615401e+03 0.0000000000000000e+00 0.0000000000000000e+00 0.0000000000000000e+00 0.0000000000000000e+00 0.0000000000000000e+00 0.0000000000000000e+00 0.0000000000000000e+00 0.0000000000000000e+00
-7.4869002556857051e-02 3.3838066405598471e-02 0.0000000000000000e+00 5.3729960834682422e-01 8.4339144581288528e-01 0.0000000000000000e+00 4.4692002393843680e-05 1.7697538512701707e-03 -1 9.1178439574329684e+02 1.6864120919895292e-04 8.6621167078114104e+03 6.0030766867329003e+03 -3.8243816304643146e+03 0.0000000000000000e+00 9.2875531132961364e-05 2.7884097734907509e+03 0.0000000000000000e+00 0.0000000000000000e+00 0.0000000000000000e+00 0.0000000000000000e+00 0.0000000000000000e+00 0.0000000000000000e+00 0.0000000000000000e+00 0.0000000000000000e+00
-7.3755083928546183e-02 3.3128421974542140e-02 0.0000000000000000e+00 5.3729960834682156e-01 8.4339144581288716e-01 0.0000000000000000e+00 4.3754731622180382e-05 1.7290825110065973e-03 -1 9.1289811137672541e+02 1.6809519074885581e-04 8.7071839290222506e+03 6.0082149895302227e+03 -3.8276550903674861e+03 0.0000000000000000e+00 9.2875531132961364e-05 2.7937166831498798e+03 0.0000000000000000e+00 0.0000000000000000e+00 0.0000000000000000e+00 0.0000000000000000e+00 0.0000000000000000e+00 0.0000000000000000e+00 0.0000000000000000e+00 0.0000000000000000e+00
-7.2641165300235316e-02 3.2418777543485808e-02 0.0000000000000000e+00 5.3729960834682533e-01 8.4339144581288483e-01 0.0000000000000000e+00 4.2817460850517863e-05 1.6897430274816850e-03 -1 9.2127342186381475e+02 1.6856237172698963e-04 8.7686866354970316e+03 6.0010072102383356e+03 -3.8230632285341981e+03 0.0000000000000000e+00 9.2875531132961364e-05 2.8014275239950621e+03 0.0000000000000000e+00 0.0000000000000000e+00 0.0000000000000000e+00 0.0000000000000000e+00 0.0000000000000000e+00 0.0000000000000000e+00 0.0000000000000000e+00 0.0000000000000000e+00
-7.1527246671924449e-02 3.1709133112429483e-02 0.0000000000000000e+00 5.3729960834682533e-01 8.4339144581288483e-01 0.0000000000000000e+00 4.1880190078855229e-05 1.6518305606955364e-03 -1 9.3444054892711517e+02 1.6970364214730608e-04 8.8398297659512737e+03 5.9908641151775046e+03 -3.8166013643183987e+03 0.0000000000000000e+00 9.2875531132961364e-05 2.8105703136719931e+03 0.0000000000000000e+00 0.0000000000000000e+00 0.0000000000000000e+00 0.0000000000000000e+00 0.0000000000000000e+00 0.0000000000000000e+00 0.0000000000000000e+00 0.0000000000000000e+00
-8.6008188839965749e-02 4.0934510716161790e-02 0.0000000000000000e+00 5.3729960834682533e-01 8.4339144581288483e-01 0.0000000000000000e+00 5.4064710110469581e-05 2.2325919166169511e-03 -1 5.5183361819488973e+03 8.1357474896780744e-04 1.0744075148378752e+04 4.3741079320890012e+03 -2.7866140810960769e+03 0.0000000000000000e+00 9.2875531132961364e-05 3.0984932355036385e+03 0.0000000000000000e+00 0.0000000000000000e+00 0.0000000000000000e+00 0.0000000000000000e+00 0.0000000000000000e+00 0.0000000000000000e+00 0.0000000000000000e+00 0.0000000000000000e+00
-8.4894270211654882e-02 4.0224866285105465e-02 0.0000000000000000e+00 5.3729960834682255e-01 8.4339144581288650e-01 0.0000000000000000e+00 5.3127439338806181e-05 2.1826793097519392e-03 -1 3.4507435875519031e+03 5.2871417147954639e-04 1.0355757704422513e+04 4.9037115699948554e+03 -3.1240088088213329e+03 0.0000000000000000e+00 9.2875531132961364e-05 3.0431252856624751e+03 0.0000000000000000e+00 0.0000000000000000e+00 0.0000000000000000e+00 0.0000000000000000e+00 0.0000000000000000e+00 0.0000000000000000e+00 0.0000000000000000e+00 0.0000000000000000e+00
-8.3780351583344029e-02 3.9515221854049140e-02 0.0000000000000000e+00 5.3729960834683277e-01 8.4339144581287995e-01 0.0000000000000000e+00 5.2190168567144611e-05 2.1334288845813185e-03 -1 2.4026492552591581e+03 3.8193799321919255e-04 9.9959835674554524e+03 5.2430128637111557e+03 -3.3401675725015839e+03 0.0000000000000000e+00 9.2875531132961364e-05 2.9907934201512589e+03 0.0000000000000000e+00 0.0000000000000000e+00 0.0000000000000000e+00 0.0000000000000000e+00 0.0000000000000000e+00 0.0000000000000000e+00 0.0000000000000000e+00 0.0000000000000000e+00
-8.2666432955033148e-02 3.8805577422992801e-02 0.0000000000000000e+00 5.3729960834682056e-01 8.4339144581288783e-01 0.0000000000000000e+00 5.1252897795482112e-05 2.0848875689550290e-03 -1 1.8271964400789686e+03 3.0136195608213592e-04 9.6477227003977896e+03 5.5008527802296467e+03 -3.5044297153644948e+03 0.0000000000000000e+00 9.2875531132961364e-05 2.9395081567489415e+03 0.0000000000000000e+00 0.0000000000000000e+00 0.0000000000000000e+00 0.0000000000000000e+00 0.0000000000000000e+00 0.0000000000000000e+00 0.0000000000000000e+00 0.0000000000000000e+00
-8.1552514326722281e-02 3.8095932991936463e-02 0.0000000000000000e+00 5.3729960834682799e-01 8.4339144581288294e-01 0.0000000000000000e+00 5.0315627023819743e-05 2.0371060546940955e-03 -1 1.4668255268815681e+03 2.5020048139132341e-04 9.3400191043493523e+03 5.6641996685559679e+03 -3.6084931601127059e+03 0.0000000000000000e+00 9.2875531132961364e-05 2.8938727510616673e+03 0.0000000000000000e+00 0.0000000000000000e+00 0.0000000000000000e+00 0.0000000000000000e+00 0.0000000000000000e+00 0.0000000000000000e+00 0.0000000000000000e+00 0.0000000000000000e+00
-8.0438595698411400e-02 3.7386288560880124e-02 0.0000000000000000e+00 5.3729960834681778e-01 8.4339144581288950e-01 0.0000000000000000e+00 4.9378356252156078e-05 1.9901390690678263e-03 -1 1.2515667287685026e+03 2.1975849474616105e-04 9.0837076525044649e+03 5.7984879874688140e+03 -3.6940442544658149e+03 0.0000000000000000e+00 9.2875531132961364e-05 2.8555372300251133e+03 0.0000000000000000e+00 0.0000000000000000e+00 0.0000000000000000e+00 0.0000000000000000e+00 0.0000000000000000e+00 0.0000000000000000e+00 0.0000000000000000e+00 0.0000000000000000e+00
-7.9324677070100519e-02 3.6676644129823799e-02 0.0000000000000000e+00 5.3729960834682422e-01 8.4339144581288528e-01 0.0000000000000000e+00 4.8441085480494291e-05 1.9440456485534823e-03 -1 1.1049775952175144e+03 1.9837098137645757e-04 8.8935490493320540e+03 5.8739811327312082e+03 -3.7421386922073693e+03 0.0000000000000000e+00 9.2875531132961364e-05 2.8267938914508286e+03 0.0000000000000000e+00 0.0000000000000000e+00 0.0000000000000000e+00 0.0000000000000000e+00 0.0000000000000000e+00 0.0000000000000000e+00 0.0000000000000000e+00 0.0000000000000000e+00
-9.3922313419390752e-02 3.4321901097653207e-02 0.0000000000000000e+00 9.3925160085194881e-01 -3.4322941350800834e-01 0.0000000000000000e+00 5.3442935946072449e-05 1.2936932906479333e-03 1 9.6837679657810484e+04 1.0118830972311700e-02 1.4145494096837017e+04 7.8607491742206003e+02 2.1511038842275866e+03 0.0000000000000000e+00 9.2875531132961364e-05 3.5668542405452272e+03 0.0000000000000000e+00 0.0000000000000000e+00 0.0000000000000000e+00 0.0000000000000000e+00 0.0000000000000000e+00 0.0000000000000000e+00 0.0000000000000000e+00 0.0000000000000000e+00
-9.3376514111748674e-02 3.5780168604210877e-02 0.0000000000000000e+00 9.3379344235070683e-01 -3.5781253055590045e-01 0.0000000000000000e+00 5.5713617186119587e-05 1.3272310308182541e-03 1 9.3386719701675058e+04 9.8233265922389665e-03 1.4079954546783159e+04 8.8563830454682625e+02 2.3112752362126212e+03 0.0000000000000000e+00 9.2875531132961364e-05 3.5584920910573333e+03 0.0000000000000000e+00 0.0000000000000000e+00 0.0000000000000000e+00 0.0000000000000000e+00 0.0000000000000000e+00 0.0000000000000000e+00 0.0000000000000000e+00 0.0000000000000000e+00
-9.2808074846821631e-02 3.7229760894130257e-02 0.0000000000000000e+00 9.2810887741472170e-01 -3.7230889280808921e-01 0.0000000000000000e+00 5.7970790169564195e-05 1.3575080922640934e-03 1 8.8182638848088725e+04 9.3775741262955847e-03 1.3970538257069647e+04 1.0193870725689085e+03 2.5411753784261300e+03 0.0000000000000000e+00 9.2875531132961364e-05 3.5449440486296389e+03 0.0000000000000000e+00 0.0000000000000000e+00 0.0000000000000000e+00 0.0000000000000000e+00 0.0000000000000000e+00 0.0000000000000000e+00 0.0000000000000000e+00 0.0000000000000000e+00
-9.2211022665025150e-02 3.8667524918656132e-02 0.0000000000000000e+00 9.1882683091290540e-01 -3.9466093649428652e-01 0.0000000000000000e+00 6.0194736562698332e-05 1.3851275262284010e-03 1 7.8853753876208473e+04 8.5533938124276055e-03 1.3772303435920814e+04 1.2614966646552566e+03 2.9369437798644908e+03 0.0000000000000000e+00 9.2875531132961364e-05 3.5202086503536339e+03 0.0000000000000000e+00 0.0000000000000000e+00 0.0000000000000000e+00 0.0000000000000000e+00 0.0000000000000000e+00 0.0000000000000000e+00 0.0000000000000000e+00 0.0000000000000000e+00
-9.1423477842824841e-02 3.9989707858417614e-02 0.0000000000000000e+00 7.8416401985190975e-01 -6.2055361570914536e-01 0.0000000000000000e+00 6.1910109561596593e-05 1.4209990914996961e-03 1 5.3273945729561725e+04 6.1253041374560897e-03 1.3199186820433084e+04 2.5482585281872753e+03 3.2201128162015739e+03 0.0000000000000000e+00 9.2875531132961364e-05 3.4457971009732087e+03 0.0000000000000000e+00 0.0000000000000000e+00 0.0000000000000000e+00 0.0000000000000000e+00 0.0000000000000000e+00 0.0000000000000000e+00 0.0000000000000000e+00 0.0000000000000000e+00
-9.0274903173074392e-02 4.0987447709011526e-02 0.0000000000000000e+00 5.0477975448448997e-01 -8.6324816794626213e-01 0.0000000000000000e+00 6.3454761592636577e-05 1.4842935831344930e-03 1 2.9293796802074168e+04 3.6367684408842261e-03 1.2413005633727775e+04 4.2600409458762751e+03 2.4910361847268514e+03 0.0000000000000000e+00 9.2875531132961364e-05 3.3454259986186912e+03 0.0000000000000000e+00 0.0000000000000000e+00 0.0000000000000000e+00 0.0000000000000000e+00 0.0000000000000000e+00 0.0000000000000000e+00 0.0000000000000000e+00 0.0000000000000000e+00
-8.8842117453405048e-02 4.1499144555754916e-02 0.0000000000000000e+00 1.5626276533152580e-01 -9.8771551985930861e-01 0.0000000000000000e+00 6.4246945620497590e-05 1.5891436077173490e-03 1 1.8858985695048370e+04 2.5336811515530569e-03 1.1717812607904210e+04 5.4662317085821069e+03 8.6479200291150664e+02 0.0000000000000000e+00 9.2875531132961364e-05 3.2310913317636878e+03 0.0000000000000000e+00 0.0000000000000000e+00 0.0000000000000000e+00 0.0000000000000000e+00 0.0000000000000000e+00 0.0000000000000000e+00 0.0000000000000000e+00 0.0000000000000000e+00
-8.7321349590625652e-02 4.1454718336098581e-02 0.0000000000000000e+00 -2.1365538045985238e-01 -9.7690909423577155e-01 0.0000000000000000e+00 6.4178167120387307e-05 1.7425433806382402e-03 1 9.4401794375522622e+03 1.3107773184669659e-03 1.1335332167570221e+04 5.3344231588419279e+03 -1.1666676216458200e+03 0.0000000000000000e+00 9.2875531132961364e-05 3.1856701901025472e+03 0.0000000000000000e+00 0.0000000000000000e+00 0.0000000000000000e+00 0.0000000000000000e+00 0.0000000000000000e+00 0.0000000000000000e+00 0.0000000000000000e+00 0.0000000000000000e+00
-9.7458956303589306e-02 2.2386283506255121e-02 0.0000000000000000e+00 9.7461910160538756e-01 -2.2386962006021974e-01 0.0000000000000000e+00 3.4857880164954275e-05 9.8241989215291795e-04 1 1.0919723904673728e+05 1.1159149657287731e-02 1.4370189178419134e+04 3.2401482752185348e+02 1.4106024748745604e+03 0.0000000000000000e+00 9.2875531132961364e-05 3.5944243325862622e+03 0.0000000000000000e+00 0.0000000000000000e+00 0.0000000000000000e+00 0.0000000000000000e+00 0.0000000000000000e+00 0.0000000000000000e+00 0.0000000000000000e+00 0.0000000000000000e+00
-9.7098573175945543e-02 2.3901065670863024e-02 0.0000000000000000e+00 9.7101516110140884e-01 -2.3901790081750190e-01 0.0000000000000000e+00 3.7216560879203160e-05 1.0193461037789190e-03 1 1.0806466080335632e+05 1.1064213869470207e-02 1.4350583279405468e+04 3.6846138791190475e+02 1.4968820022233608e+03 0.0000000000000000e+00 9.2875531132961364e-05 3.5921433014858144e+03 0.0000000000000000e+00 0.0000000000000000e+00 0.0000000000000000e+00 0.0000000000000000e+00 0.0000000000000000e+00 0.0000000000000000e+00 0.0000000000000000e+00 0.0000000000000000e+00
-9.6714647645053539e-02 2.5410052811839980e-02 0.0000000000000000e+00 9.6717578942954685e-01 -2.5410822958206730e-01 0.0000000000000000e+00 3.9566218110870856e-05 1.0572592796309827e-03 1 1.0687049451255612e+05 1.0964184703111887e-02 1.4329644209433025e+04 4.1566215505422872e+02 1.5820753763534599e+03 0.0000000000000000e+00 9.2875531132961364e-05 3.5896653824060541e+03 0.0000000000000000e+00 0.0000000000000000e+00 0.0000000000000000e+00 0.0000000000000000e+00 0.0000000000000000e+00 0.0000000000000000e+00 0.0000000000000000e+00 0.0000000000000000e+00
-9.6307272797035687e-02 2.6912879061979013e-02 0.0000000000000000e+00 9.6310191747923890e-01 -2.6913694757095930e-01 0.0000000000000000e+00 4.1906282164890792e-05 1.0960469520888952e-03 1 1.0560106911086502e+05 1.0857814544993417e-02 1.4307128919215515e+04 4.6586939261396776e+02 1.6671055734668466e+03 0.0000000000000000e+00 9.2875531132961364e-05 3.5869646727508625e+03 0.0000000000000000e+00 0.0000000000000000e+00 0.0000000000000000e+00 0.0000000000000000e+00 0.0000000000000000e+00 0.0000000000000000e+00 0.0000000000000000e+00 0.0000000000000000e+00
-9.5876547403507567e-02 2.8409180047835318e-02 0.0000000000000000e+00 9.5879453299656581e-01 -2.8410041093933214e-01 0.0000000000000000e+00 4.4236185672148495e-05 1.1356092322651692e-03 1 1.0423847517183847e+05 1.0743486864823178e-02 1.4282713376492595e+04 5.1941541898208902e+02 1.7529459476230579e+03 0.0000000000000000e+00 9.2875531132961364e-05 3.5840031896679961e+03 0.0000000000000000e+00 0.0000000000000000e+00 0.0000000000000000e+00 0.0000000000000000e+00 0.0000000000000000e+00 0.0000000000000000e+00 0.0000000000000000e+00 0.0000000000000000e+00
-9.5422575897629952e-02 2.9898592978071833e-02 0.0000000000000000e+00 9.5425468034480487e-01 -2.9899499166379756e-01 0.0000000000000000e+00 4.6555363727041295e-05 1.1758574453365448e-03 1 1.0275577808466823e+05 1.0618644471414338e-02 1.4256006262435565e+04 5.7655014732100881e+02 1.8400832518064381e+03 0.0000000000000000e+00 9.2875531132961364e-05 3.5807421235887946e+03 0.0000000000000000e+00 0.0000000000000000e+00 0.0000000000000000e+00 0.0000000000000000e+00 0.0000000000000000e+00 0.0000000000000000e+00 0.0000000000000000e+00 0.0000000000000000e+00
-9.4945468348788087e-02 3.1380756731421176e-02 0.0000000000000000e+00 9.4948346025116459e-01 -3.1381707842224765e-01 0.0000000000000000e+00 4.8863254024448228e-05 1.2166889653564370e-03 1 1.0114846943241301e+05 1.0483388975135373e-02 1.4226449455301808e+04 6.3797374689690628e+02 1.9302503349993958e+03 0.0000000000000000e+00 9.2875531132961364e-05 3.5770767582038702e+03 0.0000000000000000e+00 0.0000000000000000e+00 0.0000000000000000e+00 0.0000000000000000e+00 0.0000000000000000e+00 0.0000000000000000e+00 0.0000000000000000e+00 0.0000000000000000e+00
-9.4445340435904301e-02 3.2855311944242668e-02 0.0000000000000000e+00 9.4448202953991378e-01 -3.2856307746940394e-01 0.0000000000000000e+00 5.1159296996064504e-05 1.2566528584581000e-03 1 9.9254099704148437e+04 1.0323515400893518e-02 1.4191177353533833e+04 7.0633652960024801e+02 2.0304233943546037e+03 0.0000000000000000e+00 9.2875531132961364e-05 3.5726566406576499e+03 0.0000000000000000e+00 0.0000000000000000e+00 0.0000000000000000e+00 0.0000000000000000e+00 0.0000000000000000e+00 0.0000000000000000e+00 0.0000000000000000e+00 0.0000000000000000e+00
-7.3077935294093201e-03 2.0000000000000000e-02 0.0000000000000000e+00 0.0000000000000000e+00 -1.0000000000000000e+00 0.0000000000000000e+00 2.6573794652397491e-05 1.4181581365372981e-03 1 5.2354449678692608e+03 6.9457744285679793e-04 1.1407918240169756e+04 5.0241832684146611e+03 0.0000000000000000e+00 0.0000000000000000e+00 9.2875531132961364e-05 3.2649651529927360e+03 0.0000000000000000e+00 0.0000000000000000e+00 0.0000000000000000e+00 0.0000000000000000e+00 0.0000000000000000e+00 0.0000000000000000e+00 0.0000000000000000e+00 0.0000000000000000e+00
-5.9791037967894447e-03 2.0000000000000000e-02 0.0000000000000000e+00 0.0000000000000000e+00 -1.0000000000000000e+00 0.0000000000000000e+00 2.6573794652397563e-05 1.4133933164957699e-03 1 5.1955251127401261e+03 6.9028452741783921e-04 1.1396946539390605e+04 5.0416001499513450e+03 0.0000000000000000e+00 0.0000000000000000e+00 9.2875531132961364e-05 3.2626872699452142e+03 0.0000000000000000e+00 0.0000000000000000e+00 0.0000000000000000e+00 0.0000000000000000e+00 0.0000000000000000e+00 0.0000000000000000e+00 0.0000000000000000e+00 0.0000000000000000e+00
-4.6504140641695658e-03 2.0000000000000000e-02 0.0000000000000000e+00 0.0000000000000000e+00 -1.0000000000000000e+00 0.0000000000000000e+00 2.6573794652397563e-05 1.4095698636907956e-03 1 5.1578215294376168e+03 6.8621954539430682e-04 1.1386540049495894e+04 5.0579262474989837e+03 0.0000000000000000e+00 0.0000000000000000e+00 9.2875531132961364e-05 3.2605310107544069e+03 0.0000000000000000e+00 0.0000000000000000e+00 0.0000000000000000e+00 0.0000000000000000e+00 0.0000000000000000e+00 0.0000000000000000e+00 0.0000000000000000e+00 0.0000000000000000e+00
-3.3217243315496899e-03 2.0000000000000000e-02 0.0000000000000000e+00 0.0000000000000000e+00 -1.0000000000000000e+00 0.0000000000000000e+00 2.6573794652397491e-05 1.4066954541613014e-03 1 5.1152226023283301e+03 6.8161571512939277e-04 1.1374635949946487e+04 5.0761563722336205e+03 0.0000000000000000e+00 0.0000000000000000e+00 9.2875531132961364e-05 3.2580895935017015e+03 0.0000000000000000e+00 0.0000000000000000e+00 0.0000000000000000e+00 0.0000000000000000e+00 0.0000000000000000e+00 0.0000000000000000e+00 0.0000000000000000e+00 0.0000000000000000e+00
-1.9930345989298136e-03 2.0000000000000000e-02 0.0000000000000000e+00 0.0000000000000000e+00 -1.0000000000000000e+00 0.0000000000000000e+00 2.6573794652397556e-05 1.4047759136293797e-03 1 5.0801694781415317e+03 6.7781543377948414e-04 1.1364763140090719e+04 5.0908934817554891e+03 0.0000000000000000e+00 0.0000000000000000e+00 9.2875531132961364e-05 3.2560835770132712e+03 0.0000000000000000e+00 0.0000000000000000e+00 0.0000000000000000e+00 0.0000000000000000e+00 0.0000000000000000e+00 0.0000000000000000e+00 0.0000000000000000e+00 0.0000000000000000e+00
-6.6434486630993740e-04 2.0000000000000000e-02 0.0000000000000000e+00 0.0000000000000000e+00 -1.0000000000000000e+00 0.0000000000000000e+00 2.6573794652397495e-05 1.4038151590899893e-03 1 5.0107948867312134e+03 6.7024448036676770e-04 1.1345216949826006e+04 5.1191645098295676e+03 0.0000000000000000e+00 0.0000000000000000e+00 9.2875531132961364e-05 3.2521629799765233e+03 0.0000000000000000e+00 0.0000000000000000e+00 0.0000000000000000e+00 0.0000000000000000e+00 0.0000000000000000e+00 0.0000000000000000e+00 0.0000000000000000e+00 0.0000000000000000e+00
-1.5279931925128581e-02 2.0000000000000004e-02 0.0000000000000000e+00 2.6111791690545014e-15 -1.0000000000000000e+00 0.0000000000000000e+00 2.6573794652397515e-05 1.4658748916499100e-03 1 5.4353952470491113e+03 7.1536166612251378e-04 1.1468487645670533e+04 4.9264149980035627e+03 1.2863710097121839e-11 0.0000000000000000e+00 9.2875531132961364e-05 3.2774861144933179e+03 0.0000000000000000e+00 0.0000000000000000e+00 0.0000000000000000e+00 0.0000000000000000e+00 0.0000000000000000e+00 0.0000000000000000e+00 0.0000000000000000e+00 0.0000000000000000e+00
-1.3951242192508706e-02 2.0000000000000004e-02 0.0000000000000000e+00 -2.6111791690544983e-15 -1.0000000000000000e+00 0.0000000000000000e+00 2.6573794652397549e-05 1.4557153448127029e-03 1 5.4117351573434207e+03 7.1302200531849619e-04 1.1460529833934124e+04 4.9405053640717488e+03 -1.2900680523841856e-11 0.0000000000000000e+00 9.2875531132961364e-05 3.2757730140694630e+03 0.0000000000000000e+00 0.0000000000000000e+00 0.0000000000000000e+00 0.0000000000000000e+00 0.0000000000000000e+00 0.0000000000000000e+00 0.0000000000000000e+00 0.0000000000000000e+00
-1.2622552459888827e-02 2.0000000000000000e-02 0.0000000000000000e+00 0.0000000000000000e+00 -1.0000000000000000e+00 0.0000000000000000e+00 2.6573794652397546e-05 1.4464174704763215e-03 1 5.3836084673707110e+03 7.1018422688186322e-04 1.1451281903570651e+04 4.9556892295631114e+03 -2.2204460492503131e-16 0.0000000000000000e+00 9.2875531132961364e-05 3.2738562884818639e+03 0.0000000000000000e+00 0.0000000000000000e+00 0.0000000000000000e+00 0.0000000000000000e+00 0.0000000000000000e+00 0.0000000000000000e+00 0.0000000000000000e+00 0.0000000000000000e+00
-1.1293862727268950e-02 2.0000000000000000e-02 0.0000000000000000e+00 0.0000000000000000e+00 -1.0000000000000000e+00 0.0000000000000000e+00 2.6573794652397580e-05 1.4379979830644637e-03 1 5.3506438402537306e+03 7.0678865195070097e-04 1.1440950904240150e+04 4.9720644711586228e+03 0.0000000000000000e+00 0.0000000000000000e+00 9.2875531132961364e-05 3.2717474182809224e+03 0.0000000000000000e+00 0.0000000000000000e+00 0.0000000000000000e+00 0.0000000000000000e+00 0.0000000000000000e+00 0.0000000000000000e+00 0.0000000000000000e+00 0.0000000000000000e+00
-9.9651729946490727e-03 2.0000000000000000e-02 0.0000000000000000e+00 0.0000000000000000e+00 -1.0000000000000000e+00 0.0000000000000000e+00 2.6573794652397475e-05 1.4304723927144555e-03 1 5.3137239639852332e+03 7.0291922505607532e-04 1.1429953731868718e+04 4.9892982245582407e+03 0.0000000000000000e+00 0.0000000000000000e+00 9.2875531132961364e-05 3.2695068529392802e+03 0.0000000000000000e+00 0.0000000000000000e+00 0.0000000000000000e+00 0.0000000000000000e+00 0.0000000000000000e+00 0.0000000000000000e+00 0.0000000000000000e+00 0.0000000000000000e+00
-8.6364832620291973e-03 2.0000000000000000e-02 0.0000000000000000e+00 0.0000000000000000e+00 -1.0000000000000000e+00 0.0000000000000000e+00 2.6573794652397580e-05 1.4238548732091263e-03 1 5.2747079855574630e+03 6.9877836273274342e-04 1.1418833211149129e+04 5.0068758674100791e+03 0.0000000000000000e+00 0.0000000000000000e+00 9.2875531132961364e-05 3.2672215675506504e+03 0.0000000000000000e+00 0.0000000000000000e+00 0.0000000000000000e+00 0.0000000000000000e+00 0.0000000000000000e+00 0.0000000000000000e+00 0.0000000000000000e+00 0.0000000000000000e+00
-2.3252070320847841e-02 2.0000000000000004e-02 0.0000000000000000e+00 -2.6111791690545014e-15 -1.0000000000000000e+00 0.0000000000000000e+00 2.6573794652397515e-05 1.5438740538395452e-03 1 5.5939922275689787e+03 7.3118243181990528e-04 1.1516769325866735e+04 4.8317313566216608e+03 -1.2616574451840279e-11 0.0000000000000000e+00 9.2875531132961364e-05 3.2884168414719020e+03 0.0000000000000000e+00 0.0000000000000000e+00 0.0000000000000000e+00 0.0000000000000000e+00 0.0000000000000000e+00 0.0000000000000000e+00 0.0000000000000000e+00 0.0000000000000000e+00
-2.1923380588227966e-02 2.0000000000000000e-02 0.0000000000000000e+00 0.0000000000000000e+00 -1.0000000000000000e+00 0.0000000000000000e+00 2.6573794652397508e-05 1.5289456699104989e-03 1 5.5621189745696911e+03 7.2796677066373067e-04 1.1507663154244929e+04 4.8497424345773161e+03 0.0000000000000000e+00 0.0000000000000000e+00 9.2875531132961364e-05 3.2863436298320744e+03 0.0000000000000000e+00 0.0000000000000000e+00 0.0000000000000000e+00 0.0000000000000000e+00 0.0000000000000000e+00 0.0000000000000000e+00 0.0000000000000000e+00 0.0000000000000000e+00
-2.0594690855608090e-02 2.0000000000000000e-02 0.0000000000000000e+00 0.0000000000000000e+00 -1.0000000000000000e+00 0.0000000000000000e+00 2.6573794652397580e-05 1.5147610358005534e-03 1 5.5335583650572435e+03 7.2511045153898497e-04 1.1499134927921999e+04 4.8665757722993576e+03 0.0000000000000000e+00 0.0000000000000000e+00 9.2875531132961364e-05 3.2844129890773947e+03 0.0000000000000000e+00 0.0000000000000000e+00 0.0000000000000000e+00 0.0000000000000000e+00 0.0000000000000000e+00 0.0000000000000000e+00 0.0000000000000000e+00 0.0000000000000000e+00
-1.9266001122988211e-02 2.0000000000000000e-02 0.0000000000000000e+00 0.0000000000000000e+00 -1.0000000000000000e+00 0.0000000000000000e+00 2.6573794652397508e-05 1.5013412324463350e-03 1 5.5061885359276175e+03 7.2238094011211305e-04 1.1490706724572758e+04 4.8827734726583640e+03 0.0000000000000000e+00 0.0000000000000000e+00 9.2875531132961364e-05 3.2825324327760095e+03 0.0000000000000000e+00 0.0000000000000000e+00 0.0000000000000000e+00 0.0000000000000000e+00 0.0000000000000000e+00 0.0000000000000000e+00 0.0000000000000000e+00 0.0000000000000000e+00
-1.7937311390368332e-02 1.9999999999999997e-02 0.0000000000000000e+00 -2.6111791690544947e-15 -1.0000000000000000e+00 0.0000000000000000e+00 2.6573794652397573e-05 1.4887069434679915e-03 1 5.4800348948244800e+03 7.1976760936345646e-04 1.1482677360768948e+04 4.8983227377952635e+03 -1.2789991288286728e-11 0.0000000000000000e+00 9.2875531132961364e-05 3.2807292017097056e+03 0.0000000000000000e+00 0.0000000000000000e+00 0.0000000000000000e+00 0.0000000000000000e+00 0.0000000000000000e+00 0.0000000000000000e+00 0.0000000000000000e+00 0.0000000000000000e+00
-1.6608621657748457e-02 1.9999999999999997e-02 0.0000000000000000e+00 2.6111791690545014e-15 -1.0000000000000000e+00 0.0000000000000000e+00 2.6573794652397505e-05 1.4768783285831367e-03 1 5.4567949753924313e+03 7.1746063869567345e-04 1.1475480683073989e+04 4.9127270455527441e+03 1.2827960915728909e-11 0.0000000000000000e+00 9.2875531132961364e-05 3.2790746115246329e+03 0.0000000000000000e+00 0.0000000000000000e+00 0.0000000000000000e+00 0.0000000000000000e+00 0.0000000000000000e+00 0.0000000000000000e+00 0.0000000000000000e+00 0.0000000000000000e+00
